179 84 0.789532 24 0 1 0
173 79 0.565300 23 0 1 0
173 79 0.735120 23 0 1 0
173 79 0.590047 23 0 1 0
175 62 0.405422 60 0 0 1
175 62 0.658640 60 0 0 1
185 85 0.228360 23 0 1 0
185 85 0.751195 23 0 1 0
185 85 0.743734 23 0 1 0
192 86 0.358007 25 0 1 0
192 86 0.295340 25 0 1 0
192 86 0.258882 25 0 1 0
158 58 0.395669 25 0 1 0
158 58 0.480219 25 0 1 0
174 78 0.757982 24 0 1 0
174 78 0.456693 24 0 1 0
174 78 0.760060 24 0 1 0
181 74 0.467729 24 0 1 0
181 74 0.264692 24 0 1 0
181 74 0.837044 24 0 1 0
178 61 0.528035 22 0 1 0
178 61 0.375485 22 0 1 0
173 73 0.420117 32 0 1 0